[[7.06057250e-01]
 [1.85568437e-01]
 [6.43836483e-02]
 [2.42230475e-01]
 [3.52466434e-01]
 [1.03752531e-01]
 [6.45850673e-02]
 [6.01263106e-01]
 [7.97420368e-03]
 [9.37162578e-01]
 [3.87977391e-01]
 [4.12280619e-01]
 [2.08904445e-01]
 [6.28224984e-02]
 [6.03662193e-01]
 [1.40219675e-02]
 [6.87914550e-01]
 [8.03529397e-02]
 [1.64796913e-03]
 [4.23646629e-01]
 [1.69542320e-02]
 [4.35916036e-01]
 [7.50421123e-07]
 [3.08826327e-01]
 [3.71228973e-03]
 [5.48562050e-01]
 [2.49806136e-01]
 [1.89871684e-01]
 [5.95745519e-02]
 [1.76799744e-01]
 [2.10506911e-03]
 [7.62459561e-02]
 [5.31594753e-01]
 [2.93098912e-02]
 [3.55595052e-01]
 [1.03502974e-01]
 [4.14005555e-02]
 [1.12320885e-01]
 [4.44742948e-01]
 [1.45668332e-02]
 [7.09690332e-01]
 [4.29027043e-02]
 [1.10223051e-03]
 [6.08925940e-03]
 [3.89422238e-01]
 [1.95040017e-01]
 [8.02453458e-01]
 [8.33931491e-02]
 [3.44621709e-09]
 [8.96868855e-02]
 [3.19760680e-01]
 [1.45107672e-01]
 [3.95632838e-07]
 [8.77506018e-01]
 [1.84159368e-01]
 [1.14454429e-06]
 [5.26560903e-01]
 [8.88910368e-02]
 [1.10033602e-02]
 [3.43850076e-01]
 [2.10187663e-05]
 [2.73997664e-01]
 [3.16087008e-02]
 [3.43004731e-03]
 [2.17502475e-06]
 [2.88142413e-01]
 [9.39720019e-04]
 [2.95508206e-02]
 [3.17839235e-01]
 [1.24382059e-04]
 [1.29793838e-01]
 [2.44509690e-02]
 [1.58296317e-01]
 [4.53249775e-02]
 [7.63687253e-01]
 [4.55702186e-01]
 [1.90929025e-01]
 [4.48842719e-03]
 [7.53007531e-02]
 [1.77891944e-02]
 [2.77587771e-01]
 [9.43578184e-01]
 [3.47133636e-01]
 [6.95892930e-01]
 [7.57957220e-01]
 [2.81480998e-01]
 [7.23547339e-01]
 [5.68206012e-01]
 [9.71603870e-01]
 [2.47151107e-02]
 [7.50824809e-01]
 [8.80515218e-01]
 [7.82071710e-01]
 [5.57930112e-01]
 [8.32047164e-01]
 [5.30020356e-01]
 [7.70593941e-01]
 [5.39378762e-01]
 [6.20245114e-02]
 [4.95468736e-01]
 [9.14911404e-02]
 [4.87084359e-01]
 [5.57184696e-01]
 [1.84439600e-01]
 [4.97040123e-01]
 [5.53182466e-03]
 [6.25688493e-01]
 [8.22147131e-01]
 [9.93294537e-01]
 [6.14751160e-01]
 [2.02176776e-02]
 [4.09492105e-01]
 [5.11101246e-01]
 [5.41868150e-01]
 [3.67538720e-01]
 [9.08619404e-01]
 [1.68365762e-01]
 [6.58414960e-01]
 [4.43979383e-01]
 [6.95179760e-01]
 [4.77467418e-01]
 [8.87811333e-02]
 [5.06691813e-01]
 [4.32711005e-01]
 [1.98354080e-01]
 [6.42170787e-01]
 [5.90036094e-01]
 [6.52064145e-01]
 [6.01114690e-01]
 [5.92005193e-01]
 [1.12205103e-01]
 [4.88766074e-01]
 [9.26345229e-01]
 [9.86145794e-01]
 [2.68778801e-01]
 [2.78018236e-01]
 [3.59330803e-01]
 [9.75268602e-01]
 [4.74256396e-01]
 [6.80632591e-01]
 [1.88669696e-01]
 [5.97926557e-01]
 [9.89607751e-01]
 [4.18975651e-01]
 [7.00552881e-01]
 [9.02189255e-01]
 [9.98161137e-01]
 [5.32090366e-01]
 [7.07458436e-01]
 [6.73019528e-01]
 [7.75838792e-01]
 [4.13183570e-01]
 [9.54095364e-01]
 [6.22183561e-01]
 [7.92738199e-01]
 [9.09067035e-01]
 [6.88298702e-01]
 [6.88860893e-01]
 [5.10244966e-01]
 [8.13271701e-02]]