[[2.37390668e-36]
 [7.26114035e-01]
 [9.96921957e-01]
 [4.40766526e-05]
 [7.11116854e-07]
 [9.89976765e-22]
 [6.41088382e-09]
 [3.23921588e-04]
 [9.04609077e-03]
 [6.25374675e-01]
 [3.91732341e-10]
 [9.96817052e-01]
 [1.31895911e-10]
 [3.06205481e-01]
 [9.14807975e-01]
 [6.15677399e-33]
 [2.06418753e-01]
 [4.43626307e-02]
 [8.26309612e-26]
 [4.60173624e-08]
 [7.13441405e-04]
 [2.29475634e-24]
 [5.64501097e-05]
 [2.00619985e-17]
 [8.00125301e-01]
 [8.29863489e-01]
 [3.82300501e-13]
 [1.84570354e-06]
 [9.75841999e-01]
 [2.97980709e-03]
 [1.09200031e-04]
 [2.36251130e-09]
 [9.29680599e-16]
 [3.58616337e-02]
 [1.91538945e-01]
 [1.12304169e-05]
 [7.75052488e-01]
 [1.63725895e-14]
 [1.90603808e-01]
 [6.79215640e-02]
 [1.28233477e-01]
 [4.84985912e-06]
 [1.38775402e-04]
 [0.00000000e+00]
 [7.53765285e-01]
 [1.24562018e-06]
 [5.33908665e-01]
 [1.51367989e-14]
 [2.85203714e-06]
 [8.32814097e-01]
 [2.21939786e-06]
 [9.80398618e-04]
 [1.65396938e-29]
 [5.71111366e-02]
 [9.77555260e-07]
 [3.35422607e-21]
 [2.75792410e-12]
 [1.77474340e-05]
 [2.76099033e-10]
 [1.88941377e-19]
 [5.26351929e-02]
 [6.92048658e-08]
 [3.88797431e-04]
 [3.16803153e-07]
 [5.64756453e-22]
 [2.66687959e-01]
 [7.48398251e-13]
 [2.30261758e-05]
 [4.18901622e-01]
 [4.94956324e-17]
 [3.42089606e-06]
 [1.74857268e-15]
 [8.95814132e-03]
 [1.62572460e-03]
 [9.25955951e-01]
 [3.01725123e-07]
 [1.14692844e-25]
 [2.78979927e-01]
 [1.52243392e-05]
 [4.74355244e-21]
 [4.61509526e-02]
 [8.91540527e-01]
 [1.10217761e-05]
 [9.97550189e-01]
 [8.77075791e-01]
 [9.89805758e-01]
 [9.76874173e-01]
 [9.99971032e-01]
 [3.76376122e-01]
 [7.08455350e-10]
 [6.97755337e-01]
 [8.61517131e-01]
 [9.46653068e-01]
 [8.82328629e-01]
 [6.66496763e-03]
 [7.19744265e-01]
 [5.38171470e-01]
 [8.79870534e-01]
 [8.10416162e-01]
 [9.90217328e-02]
 [1.85852859e-03]
 [8.25771332e-01]
 [8.50711465e-01]
 [8.74127895e-02]
 [9.84209001e-01]
 [1.16777355e-05]
 [3.37741803e-05]
 [9.56573904e-01]
 [9.06232059e-01]
 [8.48044381e-02]
 [6.65006638e-02]
 [9.30804431e-01]
 [9.23754275e-01]
 [8.55147559e-03]
 [9.52210724e-01]
 [4.93964791e-01]
 [4.32989782e-06]
 [9.54608619e-01]
 [6.39116671e-03]
 [9.18552577e-01]
 [8.15558195e-01]
 [2.39221886e-01]
 [9.87080157e-01]
 [1.29280806e-01]
 [8.32496941e-01]
 [2.60771606e-02]
 [9.98639762e-01]
 [1.15929732e-04]
 [2.92005390e-01]
 [8.96402478e-01]
 [1.85076159e-03]
 [2.25194707e-03]
 [9.79944944e-01]
 [8.63643289e-01]
 [7.44876742e-01]
 [9.47197974e-01]
 [9.63101804e-01]
 [9.99977708e-01]
 [9.57791507e-01]
 [8.44487429e-01]
 [8.45947444e-01]
 [9.99991536e-01]
 [9.97988939e-01]
 [9.00888920e-01]
 [6.33603253e-04]
 [6.37233863e-03]
 [9.33259547e-01]
 [9.99697924e-01]
 [9.01152790e-01]
 [8.55981648e-01]
 [9.28686619e-01]
 [9.20974195e-01]
 [9.99603570e-01]
 [7.39280701e-01]
 [9.98771489e-01]
 [8.24310899e-01]
 [9.74293649e-01]
 [9.96942580e-01]
 [7.02735841e-01]
 [3.90438467e-01]]